v2.0 raw
20 20 20 20 20 20 20 20 20 20 20 20 20 20 32
30 64 6d 67 2e 20 20 20 20 20 20 20 20 2f 29
5f 5f 5f 5f 5f 28 5c 20 20 20 20 20 20 20 20
20 20 20 20 28 2f 20 6f 20 20 20 6f 20 5c 29
20 20 20 20 20 20 20 20 20 20 20 7c 20 20 20
20 4f 20 20 20 20 7c 20 20 20 20 20 20 20 20
20 20 20 20 5c 20 20 2d 5e 2d 20 20 2f 20 20
20 20 20 20 20 20 20 20 20 20 20 2f 20 20 20
20 20 20 20 5c 20 20 20 20 20 20 20 20 20 20
20 20 7c 20 20 20 20 20 20 20 20 20 7c 20 20
20 20 20 20 20 20 20 20 20 20 20 20 20 20 20
20 20 20 20 20 20 20 20 20 20 20
