v2.0 raw
20 20 20 20 20 20 20 20 20 20 20 20 20 33 64
6d 67 2e 20 20 20 20 20 20 20 20 20 20 20 20
20 2f 5e 5c 5e 5c 5f 20 20 20 20 20 20 20 20
20 20 2f 20 20 20 20 7c 20 20 20 20 20 6f 5c
5f 20 20 20 20 20 20 20 7c 20 20 20 20 2f 20
20 20 20 20 20 20 5f 2f 20 20 20 20 20 20 20
5c 20 20 20 2f 20 20 20 20 20 20 5f 5f 3e 20
20 20 20 20 20 20 20 20 5c 5f 5f 7c 20 20 20
5f 5f 5f 29 20 20 20 20 20 20 20 20 20 20 20
20 20 20 5c 5f 5f 5f 7c 5c 5f 5f 20 20 20 20
20 20 20 20 20 20 20 20 20 20 20 20 20 20 20
20 20 20 20 20 20 20 20 20 20 20
