v2.0 raw
20 20 20 20 20 20 20 20 20 20 20 20 20 20 20
35 64 6d 67 2e 20 20 20 20 20 20 20 20 20 2f
5c 5f 2f 5c 20 20 20 20 20 20 20 20 20 20 20
20 20 20 20 20 28 20 6f 20 6f 20 29 20 20 20
20 20 20 20 20 20 20 20 20 20 20 20 2f 20 20
56 20 20 5c 20 20 20 20 20 20 20 20 20 20 20
20 20 20 20 2f 20 3e 20 20 3c 20 20 5c 20 20
20 20 20 20 20 20 20 20 20 20 28 20 2f 20 20
20 20 20 5c 20 29 20 20 20 7c 20 20 20 20 20
20 20 20 5c 5f 20 2d 2d 2d 2d 20 5f 2f 5f 5f
5f 2f 20 20 20 20 20 20 20 20 20 20 20 20 20
20 20 20 20 20 20 20 20 20 20 20
