v2.0 raw
20 20 20 20 20 20 20 20 20 20 20 20 20 20 31
30 64 6d 67 2e 20 20 20 20 2e 2d 2e 20 20 20
20 20 20 20 20 20 20 20 20 20 20 20 20 20 3e
2d 30 5f 30 29 29 20 20 7c 20 20 2f 20 29 20
20 20 20 20 20 20 20 20 20 20 2f 2f 20 20 20
7c 2e 2f 5f 5f 29 20 20 20 20 20 20 20 20 20
20 28 28 5f 2e 2d 2d 27 20 5f 20 20 27 2e 20
20 20 20 20 20 20 20 20 20 60 2d 5f 5f 2d 2d
27 20 27 2d 2e 20 29 20 20 20 20 20 20 20 20
20 20 20 20 20 20 20 20 5f 5f 2d 2d 27 20 20
20 20 20 20 20 20 20 20 20 20 20 20 20 20 20
20 20 20 20 20 20 20 20 20 20 20
