v2.0 raw
0 23 23 23 23 23 23 23 23 23 23 23 23 23 23
23 23 23 23 23 23 23 23 23 23 23 23 23 23 23
23 23 23 23 23 23 23 23 23 23 23 23 23 23 23
23 23 23 23 23 23 23 23 23 23 23 23 23 23 23
23 23 23 23 23 23 23 23 23 23 23 23 23 23 23
23 23 a 23 20 20 20 20 20 20 20 20 20 20 20
20 20 20 20 20 20 20 20 20 20 20 20 20 20 20
20 20 20 20 20 20 20 20 20 20 20 20 20 20 20
20 20 20 20 20 20 20 20 20 20 20 23 20 20 20
20 20 20 20 20 20 20 20 20 20 20 20 20 20 20
20 20 20 23 a 23 20 20 20 20 20 20 20 20 20
20 20 20 20 20 20 20 20 20 20 20 20 20 20 20
20 20 20 20 20 20 20 20 20 20 20 20 20 20 20
20 20 20 20 20 20 20 20 20 20 20 20 20 23 20
20 20 20 20 20 20 20 20 20 20 20 20 20 20 20
20 20 20 20 20 23 a 23 20 20 20 20 20 20 20
20 20 20 20 20 20 20 20 20 20 20 20 20 20 20
20 20 20 20 20 20 20 20 20 20 20 20 20 20 20
20 20 20 20 20 20 20 20 20 20 20 20 20 20 20
23 20 20 20 20 20 20 20 20 20 20 20 20 20 20
20 20 20 20 20 20 20 23 a 23 20 20 20 20 20
20 20 20 20 20 20 20 20 20 20 20 20 20 20 20
20 20 20 20 20 20 20 20 20 20 20 20 20 20 20
20 20 20 20 20 20 20 20 20 20 20 20 20 20 20
20 20 23 20 20 20 20 20 20 20 20 20 20 20 20
20 20 20 20 20 20 20 20 20 23 a 23 20 20 20
20 20 20 20 20 20 20 20 20 20 20 20 20 20 20
20 20 20 20 20 20 20 20 20 20 20 20 20 20 20
20 20 20 20 20 20 20 20 20 20 20 20 20 20 20
20 20 20 20 23 20 20 20 20 20 20 20 20 20 20
20 20 20 20 20 20 20 20 20 20 20 23 a 23 20
20 20 20 20 20 20 20 20 20 20 20 20 20 20 20
20 20 20 20 20 20 20 20 20 20 20 20 20 20 20
20 20 20 20 20 20 20 20 20 20 20 20 20 20 20
20 20 20 20 20 20 23 20 20 20 20 20 20 20 20
20 20 20 20 20 20 20 20 20 20 20 20 20 23 a
23 20 20 20 20 20 20 20 20 20 20 20 20 20 20
20 20 20 20 20 20 20 20 20 20 20 20 20 20 20
20 20 20 20 20 20 20 20 20 20 20 20 20 20 20
20 20 20 20 20 20 20 20 23 20 20 20 20 20 20
20 20 20 20 20 20 20 20 20 20 20 20 20 20 20
23 a 23 20 20 20 20 20 20 20 20 20 20 20 20
20 20 20 20 20 20 20 20 20 20 20 20 20 20 20
20 20 20 20 20 20 20 20 20 20 20 20 20 20 20
20 20 20 20 20 20 20 20 20 20 23 20 20 20 20
20 20 20 20 20 20 20 20 20 20 20 20 20 20 20
20 20 23 a 23 20 20 20 20 20 20 20 20 20 20
20 20 20 20 20 20 20 20 20 20 20 20 20 20 20
20 20 20 20 20 20 20 20 20 20 20 20 20 20 20
20 20 20 20 20 20 20 20 20 20 20 20 23 20 20
20 20 20 20 20 20 20 20 20 20 20 20 20 20 20
20 20 20 20 23 a 23 20 20 20 20 20 20 20 20
20 20 20 20 20 20 20 20 20 20 20 20 20 20 20
20 20 20 20 20 20 20 20 20 20 20 20 20 20 20
20 20 20 20 20 20 20 20 20 20 20 20 20 20 23
20 20 20 20 20 20 20 20 20 20 20 20 20 20 20
20 20 20 20 20 20 23 a 23 20 20 20 20 20 20
20 20 20 20 20 20 20 20 20 20 20 20 20 20 20
20 20 20 20 20 20 20 20 20 20 20 20 20 20 20
20 20 20 20 20 20 20 20 20 20 20 20 20 20 20
20 23 20 20 20 20 20 20 20 20 20 20 20 20 20
20 20 20 20 20 20 20 20 23 a 23 20 20 20 20
20 20 20 20 20 20 20 20 20 20 20 20 20 20 20
20 20 20 20 20 20 20 20 20 20 20 20 20 20 20
20 20 20 20 20 20 20 20 20 20 20 20 20 20 20
20 20 20 23 20 20 20 20 20 20 20 20 20 20 20
20 20 20 20 20 20 20 20 20 20 23 a 23 20 20
20 20 20 20 20 20 20 20 20 20 20 20 20 20 20
20 20 20 20 20 20 20 20 20 20 20 20 20 20 20
20 20 20 20 20 20 20 20 20 20 20 20 20 20 20
20 20 20 20 20 23 20 20 20 20 20 20 20 20 20
20 20 20 20 20 20 20 20 20 20 20 20 23 a 23
20 20 20 20 20 20 20 20 20 20 20 20 20 20 20
20 20 20 20 20 20 20 20 20 20 20 20 20 20 20
20 20 20 20 20 20 20 20 20 20 20 20 20 20 20
20 20 20 20 20 20 20 23 20 20 20 20 20 20 20
20 20 20 20 20 20 20 20 20 20 20 20 20 20 23
a 23 20 20 20 20 20 20 20 20 20 20 20 20 20
20 20 20 20 20 20 20 20 20 20 20 20 20 20 20
20 20 20 20 20 20 20 20 20 20 20 20 20 20 20
20 20 20 20 20 20 20 20 20 23 20 20 20 20 20
20 20 20 20 20 20 20 20 20 20 20 20 20 20 20
20 23 a 23 20 20 20 20 20 20 20 20 20 20 20
20 20 20 20 20 20 20 20 20 20 20 20 20 20 20
20 20 20 20 20 20 20 20 20 20 20 20 20 20 20
20 20 20 20 20 20 20 20 20 20 20 23 20 20 20
20 20 20 20 20 20 20 20 20 20 20 20 20 20 20
20 20 20 23 a 23 20 20 20 20 20 20 20 20 20
20 20 20 20 20 20 20 20 20 20 20 20 20 20 20
20 20 20 20 20 20 20 20 20 20 20 20 20 20 20
20 20 20 20 20 20 20 20 20 20 20 20 20 23 20
20 20 20 20 20 20 20 20 20 20 20 20 20 20 20
20 20 20 20 20 23 a 23 20 20 20 20 20 20 20
20 20 20 20 20 20 20 20 20 20 20 20 20 20 20
20 20 20 20 20 20 20 20 20 20 20 20 20 20 20
20 20 20 20 20 20 20 20 20 20 20 20 20 20 20
23 20 20 20 20 20 20 20 20 20 20 20 20 20 20
20 20 20 20 20 20 20 23 a 23 20 20 20 20 20
20 20 20 20 20 20 20 20 20 20 20 20 20 20 20
20 20 20 20 20 20 20 20 20 20 20 20 20 20 20
20 20 20 20 20 20 20 20 20 20 20 20 20 20 20
20 20 23 20 20 20 20 20 20 20 20 20 20 20 20
20 20 20 20 20 20 20 20 20 23 a 23 20 20 20
20 20 20 20 20 20 20 20 20 20 20 20 20 20 20
20 20 20 20 20 20 20 20 20 20 20 20 20 20 20
20 20 20 20 20 20 20 20 20 20 20 20 20 20 20
20 20 20 20 23 20 20 20 20 20 20 20 20 20 20
20 20 20 20 20 20 20 20 20 20 20 23 a 23 20
20 20 20 20 20 20 20 20 20 20 20 20 20 20 20
20 20 20 20 20 20 20 20 20 20 20 20 20 20 20
20 20 20 20 20 20 20 20 20 20 20 20 20 20 20
20 20 20 20 20 20 23 20 20 20 20 20 20 20 20
20 20 20 20 20 20 20 20 20 20 20 20 20 23 a
23 20 20 20 20 20 20 20 20 20 20 20 20 20 20
20 20 20 20 20 20 20 20 20 20 20 20 20 20 20
20 20 20 20 20 20 20 20 20 20 20 20 20 20 20
20 20 20 20 20 20 20 20 23 23 23 23 23 23 23
23 23 23 23 23 23 23 23 23 23 23 23 23 23 23
23 a 23 20 20 20 20 20 20 20 20 20 20 20 20
20 20 20 20 20 20 20 20 20 20 20 20 20 20 20
20 20 20 20 20 20 20 20 20 20 20 20 20 20 20
20 20 20 20 20 20 20 20 20 20 23 20 20 20 20
20 20 20 20 20 20 20 20 20 20 20 20 20 20 20
20 20 23 a 23 20 20 20 20 20 20 20 20 20 20
20 20 20 20 20 20 20 20 20 20 20 20 20 20 20
20 20 20 20 20 20 20 20 20 20 20 20 20 20 20
20 20 20 20 20 20 20 20 20 20 20 20 23 20 20
20 20 20 20 20 20 20 20 20 20 20 20 20 20 20
20 20 20 20 23 a 23 20 20 20 20 20 20 20 20
20 20 20 20 20 20 20 20 20 20 20 20 20 20 20
20 20 20 20 20 20 20 20 20 20 20 20 20 20 20
20 20 20 20 20 20 20 20 20 20 20 20 20 20 23
20 20 20 20 20 20 20 20 20 20 20 20 20 20 20
20 20 20 20 20 20 23 a 23 20 20 20 20 20 20
20 20 20 20 20 20 20 20 20 20 20 20 20 20 20
20 20 20 20 20 20 20 20 20 20 20 20 20 20 20
20 20 20 20 20 20 20 20 20 20 20 20 20 20 20
20 23 20 20 20 20 20 20 20 20 20 20 20 20 20
20 20 20 20 20 20 20 20 23 a 23 20 20 20 20
20 20 20 20 20 20 20 20 20 20 20 20 20 20 20
20 20 20 20 20 20 20 20 20 20 20 20 20 20 20
20 20 20 20 20 20 20 20 20 20 20 20 20 20 20
20 20 20 23 20 20 20 20 20 20 20 20 20 20 20
20 20 20 20 20 20 20 20 20 20 23 a 23 23 23
23 23 23 23 23 23 23 23 23 23 23 23 23 23 23
23 23 23 23 23 23 23 23 23 23 23 23 23 23 23
23 23 23 23 23 23 23 23 23 23 23 23 23 23 23
23 23 23 23 23 23 23 23 23 23 23 23 23 23 23
23 23 23 23 23 23 23 23 23 23 23 23 23 a 23
20 20 20 20 20 20 20 20 20 20 20 20 20 20 20
20 20 20 20 20 20 20 20 20 20 20 20 20 20 20
20 20 20 20 20 20 20 20 20 20 20 20 20 20 20
20 20 20 20 20 20 20 20 20 20 20 20 20 20 20
20 20 20 20 20 20 20 20 20 20 20 20 20 20 23
a 23 23 23 23 23 23 23 23 23 23 23 23 23 23
23 23 23 23 23 23 23 23 23 23 23 23 23 23 23
23 23 23 23 23 23 23 23 23 23 23 23 23 23 23
23 23 23 23 23 23 23 23 23 23 23 23 23 23 23
23 23 23 23 23 23 23 23 23 23 23 23 23 23 23
23 23 a 23 20 20 20 20 20 20 20 20 20 23 20
20 20 20 20 20 20 20 20 23 20 20 20 20 20 20
20 20 20 23 20 20 20 20 20 20 20 20 20 23 20
20 20 20 20 20 20 20 20 23 20 48 50 20 7c 20
20 20 20 20 20 20 20 20 20 7c 28 20 20 2f 31
30 29 20 23 a 23 20 20 20 20 20 20 20 20 20
23 20 20 20 20 20 20 20 20 20 23 20 20 20 20
20 20 20 20 20 23 20 20 20 20 20 20 20 20 20
23 20 20 20 20 20 20 20 20 20 23 20 53 54 20
7c 20 20 20 20 20 20 20 20 20 20 7c 28 20 20
2f 31 30 29 20 23 a 23 20 20 20 20 20 20 20
20 20 23 20 20 20 20 20 20 20 20 20 23 20 20
20 20 20 20 20 20 20 23 20 20 20 20 20 20 20
20 20 23 20 20 20 20 20 20 20 20 20 23 20 48
47 20 7c 20 20 20 20 20 20 20 20 20 20 7c 28
20 20 2f 31 30 29 20 23 a 23 20 20 20 20 20
20 20 20 20 23 20 20 20 20 20 20 20 20 20 23
20 20 20 20 20 20 20 20 20 23 20 20 20 20 20
20 20 20 20 23 20 20 20 20 20 20 20 20 20 23
20 20 20 20 20 20 20 20 20 20 20 20 20 20 20
20 20 20 20 20 20 20 20 20 23 a 23 23 23 23
23 23 23 23 23 23 23 23 23 23 23 23 23 23 23
23 23 23 23 23 23 23 23 23 23 23 23 23 23 23
23 23 23 23 23 23 23 23 23 23 23 23 23 23 23
23 23 23 23 23 23 23 23 23 23 23 23 23 23 23
23 23 23 23 23 23 23 23 23 23 23 23 a 20 20
20 20 20 20 20 20 20 20 20 20 20 20 20 20 20
20 20 20 20 20 20 20 20 20 20 20 20 20 20 20
20 20 20 20 20 20 20 20 20 20 20 20 20 20 20
20 20 20 20 20
