v2.0 raw
0 23 23 23 23 23 23 23 23 23 23 23 23 23 23
23 23 23 23 23 23 23 23 23 23 23 23 23 23 23
23 23 23 23 23 23 23 23 23 23 23 23 23 23 23
23 23 23 23 23 23 23 23 23 23 23 23 23 23 23
23 23 23 23 23 23 23 23 23 23 23 23 23 23 23
23 23 a 23 20 20 20 20 20 20 20 20 20 20 20
20 20 20 20 20 20 20 20 20 20 20 20 20 20 20
20 20 20 20 20 20 20 20 20 20 20 20 20 20 20
20 20 20 20 20 20 20 20 20 20 20 20 20 20 20
20 20 20 20 20 20 20 20 20 20 20 20 20 20 20
20 20 20 23 a 23 20 20 20 20 20 20 20 20 20
20 20 20 20 20 20 20 20 20 20 20 20 20 20 20
20 20 20 20 20 20 20 20 20 20 20 20 20 20 20
20 20 20 20 20 20 20 20 20 20 20 20 20 20 20
20 20 20 20 20 20 20 20 20 20 20 20 20 20 20
20 20 20 20 20 23 a 23 20 20 20 20 20 20 20
20 20 20 20 20 20 20 20 20 20 20 20 20 20 20
20 20 20 20 20 20 20 20 20 20 20 20 20 20 20
20 20 20 20 20 20 20 20 20 20 20 20 20 20 20
20 20 20 20 20 20 20 20 20 20 20 20 20 20 20
20 20 20 20 20 20 20 23 a 23 20 20 20 20 20
20 20 20 20 20 20 20 20 20 20 20 20 20 20 20
20 20 20 20 20 20 5f 5f 5f 5f 5f 20 20 5f 20
20 20 20 20 20 20 20 20 20 20 20 20 20 20 20
20 20 20 20 20 20 20 20 20 20 20 20 20 20 20
20 20 20 20 20 20 20 20 20 23 a 23 20 20 20
20 20 20 20 20 20 20 20 20 20 20 20 20 20 20
20 20 20 20 20 20 20 7c 5f 20 20 20 5f 7c 7c
20 7c 20 20 20 20 20 20 20 20 20 20 20 20 20
20 20 20 20 20 20 20 20 20 20 20 20 20 20 20
20 20 20 20 20 20 20 20 20 20 20 23 a 23 20
20 20 20 20 20 20 20 20 20 20 20 20 20 20 20
20 20 20 20 20 20 20 20 20 20 20 7c 20 7c 20
20 7c 20 7c 5f 5f 20 20 20 20 5f 5f 5f 20 20
20 20 20 20 20 20 20 20 20 20 20 20 20 20 20
20 20 20 20 20 20 20 20 20 20 20 20 20 23 a
23 20 20 20 20 20 20 20 20 20 20 20 20 20 20
20 20 20 20 20 20 20 20 20 20 20 20 20 7c 20
7c 20 20 7c 20 27 5f 20 5c 20 20 2f 20 5f 20
5c 20 20 20 20 20 20 20 20 20 20 20 20 20 20
20 20 20 20 20 20 20 20 20 20 20 20 20 20 20
23 a 23 20 20 20 20 20 20 20 20 20 20 20 20
20 20 20 20 20 20 20 20 20 20 20 20 20 20 20
7c 20 7c 20 20 7c 20 7c 20 7c 20 7c 7c 20 20
5f 5f 2f 20 20 20 20 20 20 20 20 20 20 20 20
20 20 20 20 20 20 20 20 20 20 20 20 20 20 20
20 20 23 a 23 20 20 20 20 20 20 20 20 20 20
20 20 20 20 20 20 20 20 20 20 20 20 20 20 20
20 20 5c 5f 2f 20 20 7c 5f 7c 20 7c 5f 7c 20
5c 5f 5f 5f 7c 20 20 20 20 20 20 20 20 20 20
20 20 20 20 20 20 20 20 20 20 20 20 20 20 20
20 20 20 20 23 a 23 20 5f 5f 5f 20 20 5f 5f
5f 20 20 20 20 20 20 20 20 5f 20 20 20 20 20
20 20 5f 20 20 20 20 20 20 20 5f 20 20 20 20
20 20 20 20 20 20 20 20 20 20 20 20 20 20 20
20 20 20 20 20 20 20 20 20 20 20 20 20 20 20
20 20 20 20 20 20 23 a 23 20 7c 20 20 5c 2f
20 20 7c 20 20 20 20 20 20 20 7c 20 7c 20 20
20 20 20 28 20 29 20 20 20 20 20 7c 20 7c 20
20 20 20 20 20 20 20 20 20 20 20 20 20 20 20
20 20 20 20 20 20 20 20 20 20 20 20 20 20 20
20 20 20 20 20 20 20 20 23 a 23 20 7c 20 2e
20 20 2e 20 7c 20 20 5f 5f 5f 20 20 7c 20 7c
20 20 5f 5f 5f 7c 2f 20 5f 5f 5f 20 20 7c 20
7c 5f 5f 20 20 20 5f 20 20 20 5f 20 20 5f 20
5f 5f 20 20 5f 20 5f 5f 20 20 5f 5f 5f 20 5f
5f 20 20 20 20 20 20 5f 5f 20 23 a 23 20 7c
20 7c 5c 2f 7c 20 7c 20 2f 20 5f 20 5c 20 7c
20 7c 20 2f 20 5f 20 5c 20 2f 20 5f 5f 7c 20
7c 20 27 5f 20 5c 20 7c 20 7c 20 7c 20 7c 7c
20 27 5f 5f 7c 7c 20 27 5f 5f 7c 2f 20 5f 20
5c 5c 20 5c 20 2f 5c 20 2f 20 2f 20 23 a 23
20 7c 20 7c 20 20 7c 20 7c 7c 20 28 5f 29 20
7c 7c 20 7c 7c 20 20 5f 5f 2f 20 5c 5f 5f 20
5c 20 7c 20 7c 5f 29 20 7c 7c 20 7c 5f 7c 20
7c 7c 20 7c 20 20 20 7c 20 7c 20 20 7c 20 28
5f 29 20 7c 5c 20 56 20 20 56 20 2f 20 20 23
a 23 20 5c 5f 7c 20 20 7c 5f 2f 20 5c 5f 5f
5f 2f 20 7c 5f 7c 20 5c 5f 5f 5f 7c 20 7c 5f
5f 5f 2f 20 7c 5f 2e 5f 5f 2f 20 20 5c 5f 5f
2c 5f 7c 7c 5f 7c 20 20 20 7c 5f 7c 20 20 20
5c 5f 5f 5f 2f 20 20 5c 5f 2f 5c 5f 2f 20 20
20 23 a 23 20 20 20 20 20 20 20 20 20 20 20
20 20 20 20 20 20 20 20 20 20 20 20 20 20 20
20 20 20 20 20 20 20 20 20 20 20 20 20 20 20
20 20 20 20 20 20 20 20 20 20 20 20 20 20 20
20 20 20 20 20 20 20 20 20 20 20 20 20 20 20
20 20 20 23 a 23 20 20 20 20 20 20 20 20 20
20 20 20 20 20 20 20 20 20 20 20 20 20 20 20
20 20 20 20 20 20 20 20 20 20 20 20 20 20 20
20 20 20 20 20 20 20 20 20 20 20 20 20 20 20
20 20 20 20 20 20 20 20 20 20 20 20 20 20 20
20 20 20 20 20 23 a 23 20 20 20 20 20 20 20
20 20 20 20 20 20 20 20 20 20 20 20 20 20 20
20 20 20 20 20 20 20 20 20 20 20 20 20 20 20
20 20 20 20 20 20 20 20 20 20 20 20 20 20 20
20 20 20 20 20 20 20 20 20 20 20 20 20 20 20
20 20 20 20 20 20 20 23 a 23 20 20 20 20 20
20 20 20 20 20 20 20 20 20 20 20 20 20 20 20
20 20 20 20 20 20 20 20 20 20 20 20 20 20 20
20 20 20 20 20 20 20 20 20 20 20 20 20 20 20
20 20 20 20 20 20 20 20 20 20 20 20 20 20 20
20 20 20 20 20 20 20 20 20 23 a 23 20 20 20
20 20 20 20 20 20 20 20 20 20 20 20 20 20 20
20 20 20 20 20 20 20 20 20 20 20 20 20 20 20
20 20 20 20 20 20 20 20 20 20 20 20 20 20 20
20 20 20 20 20 20 20 20 20 20 20 20 20 20 20
20 20 20 20 20 20 20 20 20 20 20 23 a 23 20
20 20 20 20 20 20 20 20 20 20 20 20 20 20 20
20 20 20 20 20 20 20 20 20 20 20 20 20 20 20
20 20 20 20 20 20 20 20 20 20 20 20 20 20 20
20 20 20 20 20 20 20 20 20 20 20 20 20 20 20
20 20 20 20 20 20 20 20 20 20 20 20 20 23 a
23 20 20 20 20 20 20 20 20 20 20 20 20 20 20
20 20 20 20 20 20 20 20 20 20 20 20 20 20 20
20 20 20 20 20 20 20 20 20 20 20 20 20 20 20
20 20 20 20 20 20 20 20 20 20 20 20 20 20 20
20 20 20 20 20 20 20 20 20 20 20 20 20 20 20
23 a 23 20 20 20 20 20 20 20 20 20 20 20 20
20 20 20 20 20 20 20 20 20 20 20 20 20 20 20
20 20 20 20 20 20 20 20 20 20 20 20 20 20 20
20 20 20 20 20 20 20 20 20 20 20 20 20 20 20
20 20 20 20 20 20 20 20 20 20 20 20 20 20 20
20 20 23 a 23 20 20 20 20 20 20 20 20 20 20
20 20 20 20 20 20 20 20 20 20 20 20 20 20 20
20 20 20 20 20 20 20 20 20 20 20 20 20 20 20
20 20 20 20 20 20 20 20 20 20 20 20 20 20 20
20 20 20 20 20 20 20 20 20 20 20 20 20 20 20
20 20 20 20 23 a 23 20 20 20 20 20 20 20 20
20 20 20 20 20 20 20 20 20 20 20 20 20 20 20
20 20 20 20 20 20 20 20 20 20 20 20 20 20 20
20 20 20 20 20 20 20 20 20 20 20 20 20 20 20
20 20 20 20 20 20 20 20 20 20 20 20 20 20 20
20 20 20 20 20 20 23 a 23 20 20 20 20 20 20
20 20 20 20 20 20 20 20 20 20 20 20 20 20 20
20 20 20 20 20 20 20 20 20 20 20 20 20 20 20
20 20 20 20 20 20 20 20 20 20 20 20 20 20 20
20 20 20 20 20 20 20 20 20 20 20 20 20 20 20
20 20 20 20 20 20 20 20 23 a 23 20 20 20 20
20 20 20 20 20 20 20 20 20 20 20 20 20 20 20
20 20 20 20 20 20 20 20 20 20 20 20 20 20 20
20 20 20 20 20 20 20 20 20 20 20 20 20 20 20
20 20 20 20 20 20 20 20 20 20 20 20 20 20 20
20 20 20 20 20 20 20 20 20 20 23 a 23 20 20
20 20 20 20 20 20 20 20 20 20 20 20 20 20 20
20 20 20 20 20 20 20 20 20 20 20 20 20 20 20
20 20 20 20 20 20 20 20 20 20 20 20 20 20 20
20 20 20 20 20 20 20 20 20 20 20 20 20 20 20
20 20 20 20 20 20 20 20 20 20 20 20 23 a 23
20 20 20 20 20 20 20 20 20 20 20 20 20 20 20
20 20 20 20 20 20 20 20 20 20 20 20 20 20 20
20 20 20 20 20 20 20 20 20 20 20 20 20 20 20
20 20 20 20 20 20 20 20 20 20 20 20 20 20 20
20 20 20 20 20 20 20 20 20 20 20 20 20 20 23
a 23 20 20 20 20 20 20 20 20 20 20 20 20 20
20 20 20 20 20 20 20 20 20 20 20 20 20 20 20
20 20 20 20 20 20 20 20 20 20 20 20 20 20 20
20 20 20 20 20 20 20 20 20 20 20 20 20 20 20
20 20 20 20 20 20 20 20 20 20 20 20 20 20 20
20 23 a 23 20 20 20 20 20 20 20 20 20 20 20
20 20 20 20 20 20 20 20 20 20 20 20 20 20 20
20 20 20 20 20 20 20 20 20 20 20 20 20 20 20
20 20 20 20 20 20 20 20 20 20 20 20 20 20 20
20 20 20 20 20 20 20 20 20 20 20 20 20 20 20
20 20 20 23 a 23 20 20 20 20 20 20 20 20 20
20 20 20 20 20 20 20 20 20 20 20 20 20 20 20
20 20 20 20 20 20 20 20 20 20 20 20 20 20 20
20 20 20 20 20 20 20 20 20 20 20 20 20 20 20
20 20 20 20 20 20 20 20 20 20 20 20 20 20 20
20 20 20 20 20 23 a 23 20 20 20 20 20 20 20
20 20 20 20 20 20 20 20 20 20 20 20 20 20 20
20 20 20 20 20 20 20 20 20 20 20 20 20 20 20
20 20 50 52 45 53 53 20 41 4e 59 20 4b 45 59
20 54 4f 20 43 4f 4e 54 49 4e 55 45 2e 2e 2e
20 20 20 20 20 20 20 23 a 23 20 20 20 20 20
20 20 20 20 20 20 20 20 20 20 20 20 20 20 20
20 20 20 20 20 20 20 20 20 20 20 20 20 20 20
20 20 20 20 20 20 20 20 20 20 20 20 20 20 20
20 20 20 20 20 20 20 20 20 20 20 20 20 20 20
20 20 20 20 20 20 20 20 20 23 a 23 23 23 23
23 23 23 23 23 23 23 23 23 23 23 23 23 23 23
23 23 23 23 23 23 23 23 23 23 23 23 23 23 23
23 23 23 23 23 23 23 23 23 23 23 23 23 23 23
23 23 23 23 23 23 23 23 23 23 23 23 23 23 23
23 23 23 23 23 23 23 23 23 23 23 23 a 20 20
20 20 20 20 20 20 20 20 20 20 20 20 20 20 20
20 20 20 20 20 20 20 20 20 20 20 20 20 20 20
20 20 20 20 20 20 20 20 20 20 20 20 20 20 20
20 20 20 20 20
